# Solar-Log - System config by 25.01.17 23:51:52
START
100;1
101;home.solarlog-web.eu:587
102;user name
103;^
104;benutzername@home.solarlog-web.eu
105;erencan.duymaz@metu.edu.tr
106;785
107;255
108;0
109;25
110;1485357046
111;2
120;0
121;home.solarlog-web.eu:587
122;user name
123;^d5c7d4dbdec5d9c8
124;benutzername@home.solarlog-web.eu
125;benutzername@home.solarlog-web.eu
126;SMS0173...
127;1335
128;255
129;0
130;0
131;0
132;0
133;0
141;000;100;Kostal
141;000;101;1
141;000;102;1
141;000;103;11
141;000;104;000;0
141;000;104;001;15
141;000;104;002;5
141;000;104;003;6
141;000;104;004;1
141;000;104;005;12
141;000;104;006;2
141;000;104;007;13
141;000;104;008;3
141;000;104;009;14
141;000;104;010;4
141;000;104;011;0
141;000;104;012;0
141;000;104;013;0
141;000;104;014;0
141;000;105;000;0
141;000;105;001;0
141;000;105;002;0
141;000;105;003;0
141;000;105;004;0
141;000;105;005;0
141;000;105;006;0
141;000;105;007;0
141;000;105;008;0
141;000;105;009;0
141;000;105;010;0
141;000;105;011;0
141;000;105;012;0
141;000;105;013;0
141;000;105;014;0
141;000;106;0
141;000;107;000;0
141;000;107;001;0
141;000;107;002;0
141;000;107;003;0
141;000;107;004;1
141;000;107;005;0
141;000;107;006;2
141;000;107;007;1
141;000;107;008;99
141;000;107;009;1
141;000;107;010;20
141;000;107;011;0
141;000;107;012;1
141;000;107;013;0
141;000;107;014;0
141;000;107;015;0
141;000;107;016;0
141;000;107;017;0
141;000;107;018;0
141;000;107;019;2
141;000;108;000;4800
141;000;108;001;35000
141;000;108;002;850000
141;000;108;003;5000000
141;000;109;000;0
141;000;109;001;0
141;000;109;002;0
141;000;109;003;0
141;000;113;000;100;1
141;000;113;000;101;2
141;000;113;000;102;1
141;000;113;000;103;99
141;000;113;000;104;1
141;000;113;000;105;20
141;000;113;000;106;1
141;000;113;001;100;0
141;000;113;001;101;2
141;000;113;001;102;0
141;000;113;001;103;0
141;000;113;001;104;0
141;000;113;001;105;0
141;000;113;001;106;0
141;000;113;002;100;0
141;000;113;002;101;2
141;000;113;002;102;0
141;000;113;002;103;0
141;000;113;002;104;0
141;000;113;002;105;0
141;000;113;002;106;0
141;000;113;003;100;0
141;000;113;003;101;2
141;000;113;003;102;0
141;000;113;003;103;0
141;000;113;003;104;0
141;000;113;003;105;0
141;000;113;003;106;0
141;000;114;1000
141;000;118;5184
141;000;119;Namenlos
141;000;120;1
141;000;121;000;1
141;000;121;001;1
141;000;121;002;1
141;000;122;000;1728
141;000;122;001;1728
141;000;122;002;1728
141;000;123;000;33
141;000;123;001;33
141;000;123;002;83
141;000;124;000;String 1
141;000;124;001;String 2
141;000;124;002;String 3
141;000;125;11
141;000;126;13
141;000;127;10
141;000;128;1
141;000;129;6
141;000;130;3
141;000;131;20
141;000;132;0
141;000;133;
141;000;134;0
141;000;135;0
141;000;136;0
141;000;137;
141;000;138;
141;000;139;3
141;000;140;
141;000;143;0
141;000;144;17
141;000;145;0
141;000;146;1
141;000;147;0
141;000;148;0
141;000;149;0
141;000;150;0
141;000;151;0
141;000;152;000;0
141;000;152;001;0
141;000;152;002;0
141;000;152;003;0
141;000;152;004;0
141;000;152;005;0
141;000;153;1485333952
141;000;154;32848993
141;000;155;32852487
141;000;156;0
141;001;100;Kostal
141;001;101;2
141;001;102;2
141;001;103;11
141;001;104;000;0
141;001;104;001;15
141;001;104;002;5
141;001;104;003;6
141;001;104;004;1
141;001;104;005;12
141;001;104;006;2
141;001;104;007;13
141;001;104;008;3
141;001;104;009;14
141;001;104;010;4
141;001;104;011;0
141;001;104;012;0
141;001;104;013;0
141;001;104;014;0
141;001;105;000;0
141;001;105;001;0
141;001;105;002;0
141;001;105;003;0
141;001;105;004;0
141;001;105;005;0
141;001;105;006;0
141;001;105;007;0
141;001;105;008;0
141;001;105;009;0
141;001;105;010;0
141;001;105;011;0
141;001;105;012;0
141;001;105;013;0
141;001;105;014;0
141;001;106;0
141;001;107;000;0
141;001;107;001;0
141;001;107;002;0
141;001;107;003;0
141;001;107;004;1
141;001;107;005;0
141;001;107;006;2
141;001;107;007;1
141;001;107;008;99
141;001;107;009;1
141;001;107;010;20
141;001;107;011;0
141;001;107;012;1
141;001;107;013;5
141;001;107;014;1
141;001;107;015;0
141;001;107;016;0
141;001;107;017;0
141;001;107;018;0
141;001;107;019;0
141;001;108;000;4800
141;001;108;001;35000
141;001;108;002;850000
141;001;108;003;5000000
141;001;109;000;0
141;001;109;001;0
141;001;109;002;0
141;001;109;003;0
141;001;113;000;100;1
141;001;113;000;101;2
141;001;113;000;102;1
141;001;113;000;103;99
141;001;113;000;104;1
141;001;113;000;105;20
141;001;113;000;106;1
141;001;113;001;100;0
141;001;113;001;101;0
141;001;113;001;102;0
141;001;113;001;103;0
141;001;113;001;104;0
141;001;113;001;105;0
141;001;113;001;106;0
141;001;113;002;100;0
141;001;113;002;101;0
141;001;113;002;102;0
141;001;113;002;103;0
141;001;113;002;104;0
141;001;113;002;105;0
141;001;113;002;106;0
141;001;113;003;100;0
141;001;113;003;101;0
141;001;113;003;102;0
141;001;113;003;103;0
141;001;113;003;104;0
141;001;113;003;105;0
141;001;113;003;106;0
141;001;114;1000
141;001;118;5184
141;001;119;Namenlos
141;001;120;1
141;001;121;000;1
141;001;121;001;1
141;001;121;002;1
141;001;122;000;1728
141;001;122;001;1728
141;001;122;002;1728
141;001;123;000;33
141;001;123;001;33
141;001;123;002;33
141;001;124;000;String 1
141;001;124;001;String 2
141;001;124;002;String 3
141;001;125;11
141;001;126;13
141;001;127;10
141;001;128;1
141;001;129;6
141;001;130;3
141;001;131;20
141;001;132;0
141;001;133;
141;001;134;0
141;001;135;0
141;001;136;0
141;001;137;
141;001;138;
141;001;139;3
141;001;140;
141;001;143;0
141;001;144;17
141;001;145;0
141;001;146;1
141;001;147;0
141;001;148;0
141;001;149;0
141;001;150;0
141;001;151;0
141;001;152;000;0
141;001;152;001;0
141;001;152;002;0
141;001;152;003;0
141;001;152;004;0
141;001;152;005;0
141;001;153;1485333562
141;001;154;32026448
141;001;155;32029851
141;001;156;0
141;002;100;Kostal
141;002;101;3
141;002;102;3
141;002;103;11
141;002;104;000;0
141;002;104;001;15
141;002;104;002;5
141;002;104;003;6
141;002;104;004;1
141;002;104;005;12
141;002;104;006;2
141;002;104;007;13
141;002;104;008;3
141;002;104;009;14
141;002;104;010;4
141;002;104;011;0
141;002;104;012;0
141;002;104;013;0
141;002;104;014;0
141;002;105;000;0
141;002;105;001;0
141;002;105;002;0
141;002;105;003;0
141;002;105;004;0
141;002;105;005;0
141;002;105;006;0
141;002;105;007;0
141;002;105;008;0
141;002;105;009;0
141;002;105;010;0
141;002;105;011;0
141;002;105;012;0
141;002;105;013;0
141;002;105;014;0
141;002;106;0
141;002;107;000;0
141;002;107;001;0
141;002;107;002;0
141;002;107;003;0
141;002;107;004;1
141;002;107;005;0
141;002;107;006;2
141;002;107;007;1
141;002;107;008;99
141;002;107;009;1
141;002;107;010;20
141;002;107;011;0
141;002;107;012;1
141;002;107;013;29
141;002;107;014;1
141;002;107;015;0
141;002;107;016;0
141;002;107;017;0
141;002;107;018;0
141;002;107;019;0
141;002;108;000;4800
141;002;108;001;35000
141;002;108;002;850000
141;002;108;003;5000000
141;002;109;000;0
141;002;109;001;0
141;002;109;002;0
141;002;109;003;0
141;002;113;000;100;1
141;002;113;000;101;2
141;002;113;000;102;1
141;002;113;000;103;99
141;002;113;000;104;1
141;002;113;000;105;20
141;002;113;000;106;1
141;002;113;001;100;0
141;002;113;001;101;0
141;002;113;001;102;0
141;002;113;001;103;0
141;002;113;001;104;0
141;002;113;001;105;0
141;002;113;001;106;0
141;002;113;002;100;0
141;002;113;002;101;0
141;002;113;002;102;0
141;002;113;002;103;0
141;002;113;002;104;0
141;002;113;002;105;0
141;002;113;002;106;0
141;002;113;003;100;0
141;002;113;003;101;0
141;002;113;003;102;0
141;002;113;003;103;0
141;002;113;003;104;0
141;002;113;003;105;0
141;002;113;003;106;0
141;002;114;1000
141;002;118;5184
141;002;119;Namenlos
141;002;120;1
141;002;121;000;1
141;002;121;001;1
141;002;121;002;1
141;002;122;000;1728
141;002;122;001;1728
141;002;122;002;1728
141;002;123;000;33
141;002;123;001;33
141;002;123;002;33
141;002;124;000;String 1
141;002;124;001;String 2
141;002;124;002;String 3
141;002;125;11
141;002;126;13
141;002;127;10
141;002;128;1
141;002;129;6
141;002;130;3
141;002;131;20
141;002;132;0
141;002;133;
141;002;134;0
141;002;135;0
141;002;136;0
141;002;137;
141;002;138;
141;002;139;3
141;002;140;
141;002;143;0
141;002;144;17
141;002;145;0
141;002;146;1
141;002;147;0
141;002;148;0
141;002;149;0
141;002;150;0
141;002;151;0
141;002;152;000;0
141;002;152;001;0
141;002;152;002;0
141;002;152;003;0
141;002;152;004;0
141;002;152;005;0
141;002;153;1485334057
141;002;154;31755609
141;002;155;31759018
141;002;156;0
141;003;100;Kostal
141;003;101;4
141;003;102;4
141;003;103;9
141;003;104;000;0
141;003;104;001;15
141;003;104;002;5
141;003;104;003;6
141;003;104;004;1
141;003;104;005;12
141;003;104;006;2
141;003;104;007;13
141;003;104;008;4
141;003;104;009;0
141;003;104;010;0
141;003;104;011;0
141;003;104;012;0
141;003;104;013;0
141;003;104;014;0
141;003;105;000;0
141;003;105;001;0
141;003;105;002;0
141;003;105;003;0
141;003;105;004;0
141;003;105;005;0
141;003;105;006;0
141;003;105;007;0
141;003;105;008;0
141;003;105;009;0
141;003;105;010;0
141;003;105;011;0
141;003;105;012;0
141;003;105;013;0
141;003;105;014;0
141;003;106;0
141;003;107;000;0
141;003;107;001;0
141;003;107;002;0
141;003;107;003;0
141;003;107;004;1
141;003;107;005;0
141;003;107;006;2
141;003;107;007;1
141;003;107;008;99
141;003;107;009;1
141;003;107;010;20
141;003;107;011;0
141;003;107;012;1
141;003;107;013;0
141;003;107;014;0
141;003;107;015;0
141;003;107;016;0
141;003;107;017;0
141;003;107;018;0
141;003;107;019;0
141;003;108;000;6300
141;003;108;001;45000
141;003;108;002;1100000
141;003;108;003;6500000
141;003;109;000;0
141;003;109;001;0
141;003;109;002;0
141;003;109;003;0
141;003;113;000;100;1
141;003;113;000;101;2
141;003;113;000;102;1
141;003;113;000;103;99
141;003;113;000;104;1
141;003;113;000;105;20
141;003;113;000;106;1
141;003;113;001;100;0
141;003;113;001;101;0
141;003;113;001;102;0
141;003;113;001;103;0
141;003;113;001;104;0
141;003;113;001;105;0
141;003;113;001;106;0
141;003;113;002;100;0
141;003;113;002;101;0
141;003;113;002;102;0
141;003;113;002;103;0
141;003;113;002;104;0
141;003;113;002;105;0
141;003;113;002;106;0
141;003;113;003;100;0
141;003;113;003;101;0
141;003;113;003;102;0
141;003;113;003;103;0
141;003;113;003;104;0
141;003;113;003;105;0
141;003;113;003;106;0
141;003;114;1000
141;003;118;6912
141;003;119;Namenlos
141;003;120;1
141;003;121;000;1
141;003;121;001;1
141;003;121;002;0
141;003;122;000;4608
141;003;122;001;2304
141;003;122;002;0
141;003;123;000;89
141;003;123;001;44
141;003;123;002;0
141;003;124;000;String 1
141;003;124;001;String 2
141;003;124;002;
141;003;125;11
141;003;126;13
141;003;127;10
141;003;128;1
141;003;129;6
141;003;130;3
141;003;131;20
141;003;132;0
141;003;133;
141;003;134;0
141;003;135;0
141;003;136;0
141;003;137;
141;003;138;
141;003;139;2
141;003;140;
141;003;143;0
141;003;144;17
141;003;145;0
141;003;146;1
141;003;147;0
141;003;148;0
141;003;149;0
141;003;150;0
141;003;151;0
141;003;152;000;0
141;003;152;001;0
141;003;152;002;0
141;003;152;003;0
141;003;152;004;0
141;003;152;005;0
141;003;153;1485332408
141;003;154;42952803
141;003;155;42957422
141;003;156;0
141;004;100;Kostal
141;004;101;5
141;004;102;5
141;004;103;9
141;004;104;000;0
141;004;104;001;15
141;004;104;002;5
141;004;104;003;6
141;004;104;004;1
141;004;104;005;12
141;004;104;006;2
141;004;104;007;13
141;004;104;008;4
141;004;104;009;0
141;004;104;010;0
141;004;104;011;0
141;004;104;012;0
141;004;104;013;0
141;004;104;014;0
141;004;105;000;0
141;004;105;001;0
141;004;105;002;0
141;004;105;003;0
141;004;105;004;0
141;004;105;005;0
141;004;105;006;0
141;004;105;007;0
141;004;105;008;0
141;004;105;009;0
141;004;105;010;0
141;004;105;011;0
141;004;105;012;0
141;004;105;013;0
141;004;105;014;0
141;004;106;0
141;004;107;000;0
141;004;107;001;0
141;004;107;002;0
141;004;107;003;0
141;004;107;004;1
141;004;107;005;0
141;004;107;006;2
141;004;107;007;1
141;004;107;008;99
141;004;107;009;1
141;004;107;010;20
141;004;107;011;0
141;004;107;012;1
141;004;107;013;0
141;004;107;014;0
141;004;107;015;0
141;004;107;016;0
141;004;107;017;0
141;004;107;018;0
141;004;107;019;0
141;004;108;000;4200
141;004;108;001;30000
141;004;108;002;750000
141;004;108;003;4500000
141;004;109;000;0
141;004;109;001;0
141;004;109;002;0
141;004;109;003;0
141;004;113;000;100;1
141;004;113;000;101;2
141;004;113;000;102;1
141;004;113;000;103;99
141;004;113;000;104;1
141;004;113;000;105;20
141;004;113;000;106;1
141;004;113;001;100;0
141;004;113;001;101;0
141;004;113;001;102;0
141;004;113;001;103;0
141;004;113;001;104;0
141;004;113;001;105;0
141;004;113;001;106;0
141;004;113;002;100;0
141;004;113;002;101;0
141;004;113;002;102;0
141;004;113;002;103;0
141;004;113;002;104;0
141;004;113;002;105;0
141;004;113;002;106;0
141;004;113;003;100;0
141;004;113;003;101;0
141;004;113;003;102;0
141;004;113;003;103;0
141;004;113;003;104;0
141;004;113;003;105;0
141;004;113;003;106;0
141;004;114;1000
141;004;118;4608
141;004;119;Namenlos
141;004;120;1
141;004;121;000;1
141;004;121;001;1
141;004;121;002;0
141;004;122;000;2304
141;004;122;001;2304
141;004;122;002;0
141;004;123;000;44
141;004;123;001;111
141;004;123;002;0
141;004;124;000;String 1
141;004;124;001;String 2
141;004;124;002;
141;004;125;11
141;004;126;13
141;004;127;10
141;004;128;1
141;004;129;6
141;004;130;3
141;004;131;20
141;004;132;0
141;004;133;
141;004;134;0
141;004;135;0
141;004;136;0
141;004;137;
141;004;138;
141;004;139;2
141;004;140;
141;004;143;0
141;004;144;17
141;004;145;0
141;004;146;1
141;004;147;0
141;004;148;0
141;004;149;0
141;004;150;0
141;004;151;0
141;004;152;000;0
141;004;152;001;0
141;004;152;002;0
141;004;152;003;0
141;004;152;004;0
141;004;152;005;0
141;004;153;1485333562
141;004;154;31476878
141;004;155;31479964
141;004;156;0
141;005;100;Kostal
141;005;101;6
141;005;102;6
141;005;103;9
141;005;104;000;0
141;005;104;001;15
141;005;104;002;5
141;005;104;003;6
141;005;104;004;1
141;005;104;005;12
141;005;104;006;2
141;005;104;007;13
141;005;104;008;4
141;005;104;009;0
141;005;104;010;0
141;005;104;011;0
141;005;104;012;0
141;005;104;013;0
141;005;104;014;0
141;005;105;000;0
141;005;105;001;0
141;005;105;002;0
141;005;105;003;0
141;005;105;004;0
141;005;105;005;0
141;005;105;006;0
141;005;105;007;0
141;005;105;008;0
141;005;105;009;0
141;005;105;010;0
141;005;105;011;0
141;005;105;012;0
141;005;105;013;0
141;005;105;014;0
141;005;106;0
141;005;107;000;0
141;005;107;001;0
141;005;107;002;0
141;005;107;003;0
141;005;107;004;1
141;005;107;005;0
141;005;107;006;2
141;005;107;007;1
141;005;107;008;99
141;005;107;009;1
141;005;107;010;20
141;005;107;011;0
141;005;107;012;1
141;005;107;013;24
141;005;107;014;1
141;005;107;015;0
141;005;107;016;0
141;005;107;017;0
141;005;107;018;0
141;005;107;019;0
141;005;108;000;4200
141;005;108;001;30000
141;005;108;002;750000
141;005;108;003;4500000
141;005;109;000;0
141;005;109;001;0
141;005;109;002;0
141;005;109;003;0
141;005;113;000;100;1
141;005;113;000;101;2
141;005;113;000;102;1
141;005;113;000;103;99
141;005;113;000;104;1
141;005;113;000;105;20
141;005;113;000;106;1
141;005;113;001;100;0
141;005;113;001;101;0
141;005;113;001;102;0
141;005;113;001;103;0
141;005;113;001;104;0
141;005;113;001;105;0
141;005;113;001;106;0
141;005;113;002;100;0
141;005;113;002;101;0
141;005;113;002;102;0
141;005;113;002;103;0
141;005;113;002;104;0
141;005;113;002;105;0
141;005;113;002;106;0
141;005;113;003;100;0
141;005;113;003;101;0
141;005;113;003;102;0
141;005;113;003;103;0
141;005;113;003;104;0
141;005;113;003;105;0
141;005;113;003;106;0
141;005;114;1000
141;005;118;4608
141;005;119;Namenlos
141;005;120;1
141;005;121;000;1
141;005;121;001;1
141;005;121;002;0
141;005;122;000;2304
141;005;122;001;2304
141;005;122;002;0
141;005;123;000;111
141;005;123;001;111
141;005;123;002;0
141;005;124;000;String 1
141;005;124;001;String 2
141;005;124;002;
141;005;125;11
141;005;126;13
141;005;127;10
141;005;128;1
141;005;129;6
141;005;130;3
141;005;131;20
141;005;132;0
141;005;133;
141;005;134;0
141;005;135;0
141;005;136;0
141;005;137;
141;005;138;
141;005;139;2
141;005;140;
141;005;143;0
141;005;144;17
141;005;145;0
141;005;146;1
141;005;147;0
141;005;148;0
141;005;149;0
141;005;150;0
141;005;151;0
141;005;152;000;0
141;005;152;001;0
141;005;152;002;0
141;005;152;003;0
141;005;152;004;0
141;005;152;005;0
141;005;153;1485333232
141;005;154;31278104
141;005;155;31281279
141;005;156;0
141;006;100;Kostal
141;006;101;7
141;006;102;7
141;006;103;9
141;006;104;000;0
141;006;104;001;15
141;006;104;002;5
141;006;104;003;6
141;006;104;004;1
141;006;104;005;12
141;006;104;006;2
141;006;104;007;13
141;006;104;008;4
141;006;104;009;0
141;006;104;010;0
141;006;104;011;0
141;006;104;012;0
141;006;104;013;0
141;006;104;014;0
141;006;105;000;0
141;006;105;001;0
141;006;105;002;0
141;006;105;003;0
141;006;105;004;0
141;006;105;005;0
141;006;105;006;0
141;006;105;007;0
141;006;105;008;0
141;006;105;009;0
141;006;105;010;0
141;006;105;011;0
141;006;105;012;0
141;006;105;013;0
141;006;105;014;0
141;006;106;0
141;006;107;000;0
141;006;107;001;0
141;006;107;002;0
141;006;107;003;0
141;006;107;004;1
141;006;107;005;0
141;006;107;006;2
141;006;107;007;1
141;006;107;008;99
141;006;107;009;1
141;006;107;010;20
141;006;107;011;0
141;006;107;012;1
141;006;107;013;17
141;006;107;014;1
141;006;107;015;0
141;006;107;016;0
141;006;107;017;0
141;006;107;018;0
141;006;107;019;0
141;006;108;000;4200
141;006;108;001;30000
141;006;108;002;750000
141;006;108;003;4500000
141;006;109;000;0
141;006;109;001;0
141;006;109;002;0
141;006;109;003;0
141;006;113;000;100;1
141;006;113;000;101;2
141;006;113;000;102;1
141;006;113;000;103;99
141;006;113;000;104;1
141;006;113;000;105;20
141;006;113;000;106;1
141;006;113;001;100;0
141;006;113;001;101;0
141;006;113;001;102;0
141;006;113;001;103;0
141;006;113;001;104;0
141;006;113;001;105;0
141;006;113;001;106;0
141;006;113;002;100;0
141;006;113;002;101;0
141;006;113;002;102;0
141;006;113;002;103;0
141;006;113;002;104;0
141;006;113;002;105;0
141;006;113;002;106;0
141;006;113;003;100;0
141;006;113;003;101;0
141;006;113;003;102;0
141;006;113;003;103;0
141;006;113;003;104;0
141;006;113;003;105;0
141;006;113;003;106;0
141;006;114;1000
141;006;118;4608
141;006;119;Powerstocc7
141;006;120;1
141;006;121;000;1
141;006;121;001;1
141;006;121;002;0
141;006;122;000;2304
141;006;122;001;2304
141;006;122;002;0
141;006;123;000;44
141;006;123;001;111
141;006;123;002;0
141;006;124;000;String 1
141;006;124;001;String 2
141;006;124;002;
141;006;125;11
141;006;126;13
141;006;127;10
141;006;128;1
141;006;129;6
141;006;130;3
141;006;131;20
141;006;132;0
141;006;133;
141;006;134;0
141;006;135;0
141;006;136;0
141;006;137;
141;006;138;
141;006;139;2
141;006;140;
141;006;143;0
141;006;144;17
141;006;145;0
141;006;146;1
141;006;147;0
141;006;148;0
141;006;149;0
141;006;150;0
141;006;151;0
141;006;152;000;0
141;006;152;001;0
141;006;152;002;0
141;006;152;003;0
141;006;152;004;0
141;006;152;005;0
141;006;153;1485333533
141;006;154;31215921
141;006;155;31219096
141;006;156;0
141;007;100;Kostal
141;007;101;8
141;007;102;8
141;007;103;9
141;007;104;000;0
141;007;104;001;15
141;007;104;002;5
141;007;104;003;6
141;007;104;004;1
141;007;104;005;12
141;007;104;006;2
141;007;104;007;13
141;007;104;008;4
141;007;104;009;0
141;007;104;010;0
141;007;104;011;0
141;007;104;012;0
141;007;104;013;0
141;007;104;014;0
141;007;105;000;0
141;007;105;001;0
141;007;105;002;0
141;007;105;003;0
141;007;105;004;0
141;007;105;005;0
141;007;105;006;0
141;007;105;007;0
141;007;105;008;0
141;007;105;009;0
141;007;105;010;0
141;007;105;011;0
141;007;105;012;0
141;007;105;013;0
141;007;105;014;0
141;007;106;0
141;007;107;000;0
141;007;107;001;0
141;007;107;002;0
141;007;107;003;0
141;007;107;004;1
141;007;107;005;0
141;007;107;006;2
141;007;107;007;1
141;007;107;008;99
141;007;107;009;1
141;007;107;010;20
141;007;107;011;0
141;007;107;012;1
141;007;107;013;0
141;007;107;014;0
141;007;107;015;0
141;007;107;016;0
141;007;107;017;0
141;007;107;018;0
141;007;107;019;0
141;007;108;000;6300
141;007;108;001;45000
141;007;108;002;1100000
141;007;108;003;6500000
141;007;109;000;0
141;007;109;001;0
141;007;109;002;0
141;007;109;003;0
141;007;113;000;100;1
141;007;113;000;101;2
141;007;113;000;102;1
141;007;113;000;103;99
141;007;113;000;104;1
141;007;113;000;105;20
141;007;113;000;106;1
141;007;113;001;100;0
141;007;113;001;101;0
141;007;113;001;102;0
141;007;113;001;103;0
141;007;113;001;104;0
141;007;113;001;105;0
141;007;113;001;106;0
141;007;113;002;100;0
141;007;113;002;101;0
141;007;113;002;102;0
141;007;113;002;103;0
141;007;113;002;104;0
141;007;113;002;105;0
141;007;113;002;106;0
141;007;113;003;100;0
141;007;113;003;101;0
141;007;113;003;102;0
141;007;113;003;103;0
141;007;113;003;104;0
141;007;113;003;105;0
141;007;113;003;106;0
141;007;114;1000
141;007;118;6912
141;007;119;Kostal
141;007;120;1
141;007;121;000;1
141;007;121;001;1
141;007;121;002;0
141;007;122;000;4608
141;007;122;001;2304
141;007;122;002;0
141;007;123;000;222
141;007;123;001;1000
141;007;123;002;0
141;007;124;000;String 1
141;007;124;001;String 2
141;007;124;002;
141;007;125;11
141;007;126;13
141;007;127;10
141;007;128;1
141;007;129;6
141;007;130;3
141;007;131;20
141;007;132;0
141;007;133;
141;007;134;0
141;007;135;0
141;007;136;0
141;007;137;
141;007;138;
141;007;139;2
141;007;140;
141;007;143;0
141;007;144;17
141;007;145;0
141;007;146;1
141;007;147;0
141;007;148;0
141;007;149;0
141;007;150;0
141;007;151;0
141;007;152;000;0
141;007;152;001;0
141;007;152;002;0
141;007;152;003;0
141;007;152;004;0
141;007;152;005;0
141;007;153;1485332557
141;007;154;42563056
141;007;155;42567987
141;007;156;0
141;008;100;Kostal
141;008;101;9
141;008;102;9
141;008;103;9
141;008;104;000;0
141;008;104;001;15
141;008;104;002;5
141;008;104;003;6
141;008;104;004;1
141;008;104;005;12
141;008;104;006;2
141;008;104;007;13
141;008;104;008;4
141;008;104;009;0
141;008;104;010;0
141;008;104;011;0
141;008;104;012;0
141;008;104;013;0
141;008;104;014;0
141;008;105;000;0
141;008;105;001;0
141;008;105;002;0
141;008;105;003;0
141;008;105;004;0
141;008;105;005;0
141;008;105;006;0
141;008;105;007;0
141;008;105;008;0
141;008;105;009;0
141;008;105;010;0
141;008;105;011;0
141;008;105;012;0
141;008;105;013;0
141;008;105;014;0
141;008;106;0
141;008;107;000;0
141;008;107;001;0
141;008;107;002;0
141;008;107;003;0
141;008;107;004;1
141;008;107;005;0
141;008;107;006;2
141;008;107;007;1
141;008;107;008;99
141;008;107;009;1
141;008;107;010;20
141;008;107;011;0
141;008;107;012;1
141;008;107;013;0
141;008;107;014;0
141;008;107;015;0
141;008;107;016;0
141;008;107;017;0
141;008;107;018;0
141;008;107;019;0
141;008;108;000;3200
141;008;108;001;20000
141;008;108;002;550000
141;008;108;003;3500000
141;008;109;000;0
141;008;109;001;0
141;008;109;002;0
141;008;109;003;0
141;008;113;000;100;1
141;008;113;000;101;2
141;008;113;000;102;1
141;008;113;000;103;99
141;008;113;000;104;1
141;008;113;000;105;20
141;008;113;000;106;1
141;008;113;001;100;0
141;008;113;001;101;0
141;008;113;001;102;0
141;008;113;001;103;0
141;008;113;001;104;0
141;008;113;001;105;0
141;008;113;001;106;0
141;008;113;002;100;0
141;008;113;002;101;0
141;008;113;002;102;0
141;008;113;002;103;0
141;008;113;002;104;0
141;008;113;002;105;0
141;008;113;002;106;0
141;008;113;003;100;0
141;008;113;003;101;0
141;008;113;003;102;0
141;008;113;003;103;0
141;008;113;003;104;0
141;008;113;003;105;0
141;008;113;003;106;0
141;008;114;1000
141;008;118;3456
141;008;119;Namenlos
141;008;120;1
141;008;121;000;1
141;008;121;001;1
141;008;121;002;0
141;008;122;000;1728
141;008;122;001;1728
141;008;122;002;0
141;008;123;000;33
141;008;123;001;33
141;008;123;002;0
141;008;124;000;String 1
141;008;124;001;String 2
141;008;124;002;
141;008;125;11
141;008;126;13
141;008;127;10
141;008;128;1
141;008;129;6
141;008;130;3
141;008;131;20
141;008;132;0
141;008;133;
141;008;134;0
141;008;135;0
141;008;136;0
141;008;137;
141;008;138;
141;008;139;2
141;008;140;
141;008;143;0
141;008;144;17
141;008;145;0
141;008;146;1
141;008;147;0
141;008;148;0
141;008;149;0
141;008;150;0
141;008;151;0
141;008;152;000;0
141;008;152;001;0
141;008;152;002;0
141;008;152;003;0
141;008;152;004;0
141;008;152;005;0
141;008;153;1485333983
141;008;154;22161671
141;008;155;22163964
141;008;156;0
141;009;100;WRTL1ECD
141;009;101;2100526966
141;009;102;1
141;009;103;10
141;009;104;000;12
141;009;104;001;1
141;009;104;002;13
141;009;104;003;2
141;009;104;004;0
141;009;104;005;15
141;009;104;006;11
141;009;104;007;4
141;009;104;008;5
141;009;104;009;6
141;009;104;010;0
141;009;104;011;0
141;009;104;012;0
141;009;104;013;0
141;009;104;014;0
141;009;105;000;3
141;009;105;001;4
141;009;105;002;7
141;009;105;003;8
141;009;105;004;9
141;009;105;005;16
141;009;105;006;24
141;009;105;007;29
141;009;105;008;46
141;009;105;009;47
141;009;105;010;0
141;009;105;011;0
141;009;105;012;0
141;009;105;013;0
141;009;105;014;0
141;009;106;54
141;009;107;000;0
141;009;107;001;0
141;009;107;002;35
141;009;107;003;91
141;009;107;004;1
141;009;107;005;0
141;009;107;006;2
141;009;107;007;1
141;009;107;008;99
141;009;107;009;1
141;009;107;010;20
141;009;107;011;0
141;009;107;012;1
141;009;107;013;12
141;009;107;014;1
141;009;107;015;0
141;009;107;016;0
141;009;107;017;0
141;009;107;018;0
141;009;107;019;0
141;009;108;000;4400
141;009;108;001;30000
141;009;108;002;750000
141;009;108;003;4500000
141;009;109;000;0
141;009;109;001;0
141;009;109;002;0
141;009;109;003;0
141;009;113;000;100;1
141;009;113;000;101;2
141;009;113;000;102;1
141;009;113;000;103;99
141;009;113;000;104;1
141;009;113;000;105;20
141;009;113;000;106;1
141;009;113;001;100;0
141;009;113;001;101;0
141;009;113;001;102;0
141;009;113;001;103;0
141;009;113;001;104;0
141;009;113;001;105;0
141;009;113;001;106;0
141;009;113;002;100;0
141;009;113;002;101;0
141;009;113;002;102;0
141;009;113;002;103;0
141;009;113;002;104;0
141;009;113;002;105;0
141;009;113;002;106;0
141;009;113;003;100;0
141;009;113;003;101;0
141;009;113;003;102;0
141;009;113;003;103;0
141;009;113;003;104;0
141;009;113;003;105;0
141;009;113;003;106;0
141;009;114;1000
141;009;118;4800
141;009;119;INV 10
141;009;120;1
141;009;121;000;1
141;009;121;001;1
141;009;121;002;0
141;009;122;000;2880
141;009;122;001;1920
141;009;122;002;0
141;009;123;000;138
141;009;123;001;37
141;009;123;002;0
141;009;124;000;String 1
141;009;124;001;String 2
141;009;124;002;
141;009;125;11
141;009;126;13
141;009;127;10
141;009;128;1
141;009;129;6
141;009;130;3
141;009;131;20
141;009;132;0
141;009;133;
141;009;134;0
141;009;135;0
141;009;136;0
141;009;137;
141;009;138;
141;009;139;0
141;009;140;
141;009;143;0
141;009;144;1
141;009;145;0
141;009;146;2
141;009;147;0
141;009;148;0
141;009;149;0
141;009;150;0
141;009;151;0
141;009;152;000;0
141;009;152;001;0
141;009;152;002;0
141;009;152;003;0
141;009;152;004;0
141;009;152;005;0
141;009;153;1485329243
141;009;154;19727782
141;009;155;19731671
141;009;156;0
150;000;0
150;001;7
150;002;7
150;003;7
150;004;6
150;005;6
150;006;5
150;007;6
150;008;6
150;009;7
150;010;7
150;011;7
150;012;7
151;000;0
151;001;17
151;002;18
151;003;20
151;004;21
151;005;21
151;006;22
151;007;22
151;008;21
151;009;20
151;010;19
151;011;17
151;012;17
152;000;3
152;001;6
152;002;9
152;003;11
152;004;11
152;005;13
152;006;13
152;007;12
152;008;10
152;009;6
152;010;4
152;011;2
161;51456
162;1100
170;1
171;65535
172;1
173;home.solarlog-web.eu
174;user name
175;^d5c7d4dbdec5d9c8
176;271839332
177;1485368854
178;3
190;1
191;home.solarlog-web.eu
192;user name
193;^d5c7d4dbdec5d9c8
194;
195;1485301903
196;3
197;39
210;1
211;1
220;0
221;0
222;^
230;[Designation of system]
231;[Name of operator]
232;[E-mail address for contact]
233;[Location]
234;[Description of modules and manufacturer]
235;[Inverter and manufacturer]
236;[System parameters] kWp
237;[Date of installation]
238;[Module inclination and orientation]
239;[Abbrev. desc. of system]
240;4,5 kWp in 9999 reference loc
241;Conn. to mains since Jan 2008
242;www.solarlog-home.eu/operator
250;1300
251;1
252;0
253;300
254;1
255;0
256;0
258;000;0
258;001;17
258;002;1
258;003;0
258;004;0
259;2
260;22
261;0
262;1
263;
264;0
265;000;100;
265;000;101;890
265;000;102;4675
265;001;100;
265;001;101;890
265;001;102;480
265;002;100;
265;002;101;890
265;002;102;4675
265;003;100;
265;003;101;890
265;003;102;4675
265;004;100;
265;004;101;890
265;004;102;4675
265;005;100;
265;005;101;890
265;005;102;4675
265;006;100;
265;006;101;890
265;006;102;4675
265;007;100;
265;007;101;890
265;007;102;4675
265;008;100;
265;008;101;890
265;008;102;4675
265;009;100;
265;009;101;890
265;009;102;4675
265;010;100;
265;010;101;890
265;010;102;4675
265;011;100;
265;011;101;890
265;011;102;4675
265;012;100;
265;012;101;890
265;012;102;4675
265;013;100;
265;013;101;890
265;013;102;4675
265;014;100;
265;014;101;890
265;014;102;4675
265;015;100;
265;015;101;890
265;015;102;4675
265;016;100;
265;016;101;890
265;016;102;4675
265;017;100;
265;017;101;890
265;017;102;4675
265;018;100;
265;018;101;890
265;018;102;4675
266;0
267;1
268;47
269;000;0
269;001;1
269;002;0
270;000;0
270;001;0
270;002;0
271;000;0
271;001;0
271;002;0
272;1000
273;0
274;000;0
274;001;0
274;002;0
274;003;0
274;004;0
275;1
276;1
277;0
278;1000
279;480
280;1320
281;1
282;30
283;0
284;60
285;1
286;15
287;^
288;000;0
288;001;0
288;002;0
288;003;0
289;^
290;0
291;2
292;1
293;0
294;42
295;1474585209
296;0
297;0
298;0
299;0
300;0
301;000;100;
301;001;100;
301;002;100;
301;003;100;
301;004;100;
301;005;100;
301;006;100;
302;000;100
302;001;60
302;002;30
302;003;0
303;000;1
303;001;2
303;002;4
303;003;8
304;0
305;0
306;100
307;0
308;0
309;0
310;0
311;0
312;1
313;000;0
313;001;0
313;002;0
313;003;0
313;004;0
313;005;0
313;006;0
313;007;0
313;008;0
313;009;0
314;000;0
314;001;0
315;0
316;0
317;0
318;0
320;0
321;2276
322;0
323;0
324;0
325;0
326;1
327;0
328;0
329;100
330;0
331;0
332;0
333;0
334;100
335;0
336;100
337;100
338;0
339;0
340;0
341;0
342;0
343;0
344;0
345;000;0
345;001;0
345;002;0
345;003;0
345;004;0
345;005;0
345;006;0
345;007;0
345;008;0
345;009;0
345;010;0
345;011;0
345;012;0
345;013;0
345;014;0
345;015;0
346;000;100
346;001;100
346;002;100
346;003;100
346;004;100
346;005;100
346;006;100
346;007;100
346;008;100
346;009;100
346;010;100
346;011;100
346;012;100
346;013;100
346;014;100
346;015;100
347;000;0
347;001;0
347;002;0
347;003;0
347;004;0
347;005;0
347;006;0
347;007;0
347;008;0
347;009;0
347;010;0
347;011;0
347;012;0
347;013;0
347;014;0
347;015;0
348;1
349;0
350;0
351;0
352;0
353;1
354;0
355;0
356;
357;
358;21
359;0
360;000;100;0
360;000;101;0
360;000;102;0
360;000;103;0
360;000;104;0
360;000;105;0
360;000;106;840
360;000;107;60
360;000;108;120
360;000;109;0
360;001;100;1
360;001;101;0
360;001;102;0
360;001;103;0
360;001;104;0
360;001;105;0
360;001;106;840
360;001;107;60
360;001;108;120
360;001;109;0
360;002;100;0
360;002;101;0
360;002;102;0
360;002;103;0
360;002;104;0
360;002;105;0
360;002;106;840
360;002;107;60
360;002;108;120
360;002;109;0
360;003;100;0
360;003;101;0
360;003;102;0
360;003;103;0
360;003;104;0
360;003;105;0
360;003;106;840
360;003;107;60
360;003;108;120
360;003;109;0
361;0
362;0
364;0
365;0
366;
367;000;0
367;001;0
367;002;0
367;003;0
367;004;0
367;005;0
368;^
369;0
370;
371;
372;
373;
374;0
375;99
376;99
377;0
900;0;0;WRTL1ECD
900;0;1;0;64;01010402011100496e73742e2d436f6465202020202000202020202020200000000000e4ff7f4f02010402010f00506c696d6974202020202020202020005720
900;0;1;64;64;20202020200000409c4500409c4503010402011100412e537472546d7320202020202020007320202020202000cdcccc3d0000804004010404012200412e566c
900;0;1;128;64;696d202020202020202020005620202020202000000000000000164405010404011100412e565374722020202020202020200056202020202020000000fa4200
900;0;1;192;64;80094406010404011100412e436f6e73742e565365742020200056202020202020000000fa420080094407010404011100422e537472546d7320202020202020
900;0;1;256;64;007320202020202000cdcccc3d0000804008010404012200422e566c696d20202020202020202000562020202020200000000000000016440901040401110042
900;0;1;320;64;2e565374722020202020202020200056202020202020000000fa42008009440a010404011100422e436f6e73742e565365742020200056202020202020000000
900;0;1;384;64;fa42008009440b010404011100414d61784f667320202020202020200041202020202020000ad7a33c0000a0400c010404011100414d61784f6673546d732020
900;0;1;448;64;202020007320202020202000cdcccc3d000020410d0104040111004274507772202020202020202020200064426d20202020000000803f0000a0410e01040401
900;0;1;512;64;1100477269466c74546d73202020202020007320202020202000000000000000c8430f010404011100477269466c745265436f6e546d73200073202020202020
900;0;1;576;64;00000000000000c84310010404011100477269466c744d6f6e546d73202020007320202020202000000000000000c84311010404011100477269537472546d73
900;0;1;640;64;202020202020007320202020202000000000000000c8431201040201220048502e5265765665722020202020200020202020202020000000000000007f431301
900;0;1;704;64;0402012200644953656e732e52657656657220200020202020202020000000000000007f431401040201220043504c442e526576566572202020200020202020
900;0;1;768;64;202020000000000000007f43150104020122004b502e5265765665722020202020200020202020202020000000000000007f431601040201220042542e526576
900;0;1;832;64;5665722020202020200020202020202020000000000000007f43170104020122004c43442e52657656657220202020200020202020202020000000000000007f
900;0;1;896;64;43180104020122004d646c2e52657656657220202020200020202020202020000000000000007f4319010402011100506d617820202020202020202020200057
900;0;1;960;64;202020202020000000000000209e451a010404011100496e762e53746f70546d73202020200073202020202020000000803f000061451b0104040111004f6666
900;0;1;1024;64;4772692e487a644c696d202000487a202020202000000000000000a0401c0104040111004f66664772692e487a64537472202000487a20202020200000000000
900;0;1;1088;64;0000a0401d01040401110049736f2e4c65616b5269734d696e20006b4f686d202020000000fa4300803b451e0104020111004d742e546f744f70546d68536574
900;0;1;1152;64;2000682020202020200000000000b0a291491f0104020111004d742e546f74546d6853657420202000682020202020200000000000b0a2914920010402011100
900;0;1;1216;64;4d742e546f746b5768536574202020006b57682020202000000000006e12834a210104020102005365724e756d53657420202020202000202020202020200000
900;0;1;1280;64;000000e4ff7f4f220104040111004169642e416e67466163742020202000202020202020200000000000000020422301040401110046727143746c2e684c696d
900;0;1;1344;64;2020202000487a20202020200000004842000082422401040401110046727143746c2e684c696d546d7320007320202020202000cdcccc3d0000204125010404
900;0;1;1408;64;01110046727143746c2e6c4c696d2020202000487a20202020200000003442000070422601040401110046727143746c2e6c4c696d546d732000732020202020
900;0;1;1472;64;2000cdcccc3d000020412701040401110046727143746c2e4d6178202020202000487a20202020200000004842000082422801040401110046727143746c2e4d
900;0;1;1536;64;6178546d732020007320202020202000cdcccc3d000020412901040401110046727143746c2e4d696e202020202000487a20202020200000003042000070422a
900;0;1;1600;64;01040401110046727143746c2e4d696e546d732020007320202020202000cdcccc3d000020412b010404011100566f6c43746c2e68684c696d20202000562020
900;0;1;1664;64;20202020000000664300008c432c010404011100566f6c43746c2e68684c696d546d73007320202020202000cdcc4c3d000020412d010404011100566f6c4374
900;0;1;1728;64;6c2e684c696d202020200056202020202020000000664300008c432e010404011100566f6c43746c2e684c696d546d7320007320202020202000cdcccc3d0000
900;0;1;1792;64;20412f010404011100566f6c43746c2e6c4c696d202020200056202020202020000000c8420000664330010404011100566f6c43746c2e6c4c696d546d732000
900;0;1;1856;64;7320202020202000cdcccc3d0000204131010404011100566f6c43746c2e6c6c4c696d2020200056202020202020000000c8420000664332010404011100566f
900;0;1;1920;64;6c43746c2e6c6c4c696d546d73007320202020202000cdcccc3d0000204133010404011100566f6c43746c2e4d61782020202020005620202020202000000096
900;0;1;1984;64;430000d24334010404011100566f6c43746c2e4d6178546d6d7320006d73202020202000cdcccc3d0000a04035010404011100566f6c43746c2e5270726f2020
900;0;1;2048;64;20200056202020202020000000664300008c4336010404012200496e762e546d704c696d20202020200067726443202020000000a04100000c43370104040122
900;0;1;2112;64;005063622e546d704c696d20202020200067726443202020000000a04100000c433801040201000053595f53797374656d7a6569742020004c4f432020202000
900;0;1;2176;64;00000000e4ff7f4f3901040401000053595f5a6569747a6f6e652020202000732020202020200000f052c700f052473a010402011100502d5720202020202020
900;0;1;2240;64;20202020200057202020202020000000000000209e453b010402011100502d574e6f6d202020202020202020002520202020202000000000000000c8423c0104
900;0;1;2304;64;04011100502d487a537472202020202020202000487a202020202000000000000000a0403d010404011100502d487a53746f702020202020202000487a202020
900;0;1;2368;64;202000000000000000a0403e010402011100502d57477261202020202020202020002520202020202000000020410000c8423f01040201110057477261202020
900;0;1;2432;64;20202020202020200025202020202020000000803f0000a04140010402011100496e7476546d734d617820202020200073202020202020000000704200c0a847
900;0;1;2496;64;410104020111004d5050536864772e437963546d73200073202020202020000000b4430000e14442010402011f004c43442e5365724e756d2020202020002020
900;0;1;2560;64;20202020200000000000e4ff7f4f43010404012200412e4d5050536864772e506d617820005720202020202000000000000080bb4544010404012200422e4d50
900;0;1;2624;64;50536864772e506d617820005720202020202000000000000080bb45450104020100004d6c742e4d696e4f6e546d6d202020006d696e20202020000000803f00
900;0;1;2688;64;00b444460104040100004d6c742e4d696e4f6e5077722020200057202020202020000000c84200409c45470104020100004d6c742e4d696e4f6e507772546d6d
900;0;1;2752;64;006d696e2020202000000000000000b444480104040100004d6c742e4261744368612e507772200057202020202020000000803f00409c45490104020100004d
900;0;1;2816;64;6c742e4261744368612e546d6d20006d696e20202020000000803f0000b4444a0104040111005570762d53746f70202020202020200056202020202020000000
900;0;1;2880;64;a0420000eb434b0104040111004b442d57696e642d52656720202020002020202020202000000000000000f0414c0104040111004b492d57696e642d52656720
900;0;1;2944;64;202020002020202020202000000000000000f0414d0104040111004b502d57696e642d52656720202020002020202020202000000000000000f0414e01040401
900;0;1;3008;64;010057696e645f613020202020202020200020202020202020000024f4c90024f4494f01040401010057696e645f613120202020202020200020202020202020
900;0;1;3072;64;000024f4c90024f4495001040401010057696e645f61322020202020202020003130452d332020000024f4c90024f4495101040401010057696e645f61332020
900;0;1;3136;64;202020202020003130452d362020000024f4c90024f44901010902012200496e7374436f6465202020202020200020202020202020000000803f000000000201
900;0;1;3200;64;0904012200412e566d61782020202020202020200056202020202020000ad7233c0000000003010904010f00412e4d732e416d70202020202020200041202020
900;0;1;3264;64;202020006f12833a0000000004010904010f00412e4d732e566f6c202020202020200056202020202020000ad7233c0000000005010904010f00412e4d732e57
900;0;1;3328;64;6174742020202020200057202020202020000000803f0000000006010904012200422e566d61782020202020202020200056202020202020000ad7233c000000
900;0;1;3392;64;0007010904010f00422e4d732e416d70202020202020200041202020202020006f12833a0000000008010904010f00422e4d732e566f6c202020202020200056
900;0;1;3456;64;202020202020000ad7233c0000000009010904010f00422e4d732e576174742020202020200057202020202020000000803f000000000a010904010f00506163
900;0;1;3520;64;2020202020202020202020200057202020202020000000803f000000000b010902010f00477269644d732e487a20202020202000487a2020202020000ad7233c
900;0;1;3584;64;000000000c010904012200477269644d732e546f7456412020200056412020202020000000803f000000000d010904012200477269644d732e546f7456417220
900;0;1;3648;64;200056417220202020000000803f000000000e010902011f00477269644d732e412e7068734120200041202020202020006f12833a000000000f010902011f00
900;0;1;3712;64;477269644d732e412e7068734220200041202020202020006f12833a0000000010010902011f00477269644d732e412e7068734320200041202020202020006f
900;0;1;3776;64;12833a0000000011010902010f00477269644d732e5068562e706873410056202020202020000ad7233c0000000012010902010f00477269644d732e5068562e
900;0;1;3840;64;706873420056202020202020000ad7233c0000000013010902010f00477269644d732e5068562e706873430056202020202020000ad7233c0000000014010904
900;0;1;3904;64;011f00477269644d732e572e7068734120200057202020202020000000803f0000000015010904011f00477269644d732e572e70687342202000572020202020
900;0;1;3968;64;20000000803f0000000016010904011f00477269644d732e572e7068734320200057202020202020000000803f0000000017010904012200496e762e44636c56
900;0;1;4032;64;6f6c20202020200056202020202020000ad7233c0000000018010904012200496e762e546d7056616c4d61782020006772644320202000cdcccc3d0000000019
900;0;1;4096;64;010904012200496e762e546d7056616c2020202020006772644320202000cdcccc3d000000001a0109040122005063622e546d7056616c4d6178202000677264
900;0;1;4160;64;4320202000cdcccc3d000000001b0109040122005063622e546d7056616c2020202020006772644320202000cdcccc3d000000001c010904011f0049736f2e46
900;0;1;4224;64;6c7441202020202020200041202020202020006f12833a000000001d010902011f005269736f2020202020202020202020006b4f686d202020006f12833a0000
900;0;1;4288;64;000001040902010f00452d546f74616c2020202020202020006b576820202020006f12833a020409020122004d742e4162734f70546d68202020200068202020
900;0;1;4352;64;2020200099a29139030409020122004d742e416273546d6820202020202000682020202020200099a29139040409020122004d742e4162736b57682020202020
900;0;1;4416;64;20006b576820202020006f12833a05040902010f004d742e546f744f70546d682020202000682020202020200099a2913906040902010f004d742e546f74546d
900;0;1;4480;64;6820202020202000682020202020200099a2913907040902011f004f702e4772695377436e74202020200020202020202020000000803f080409020122004f70
900;0;1;4544;64;2e4772695377436e74416273200020202020202020000000803f09040902010f004f702e546d73526d672020202020200073202020202020006f12833a0a0409
900;0;1;4608;64;02010f0053657269616c204e756d62657220200020202020202020000000803f0b040902010f004f702e457674436e7455737220202000202020202020200000
900;0;1;4672;64;00803f0c040902011f004f702e457674436e744973746c20200020202020202020000000803f0d0409020122004f702e457674436e7453766320202000202020
900;0;1;4736;64;20202020000000803f0e0409020122004f702e457674436e7444766c7020200020202020202020000000803f0f040902010f004f702e4576744e6f2020202020
900;0;1;4800;64;20200020202020202020000000803f100409020122004f702e4576744e6f44766c702020200020202020202020000000803f11042902012200452d3130312020
900;0;1;4864;64;20202020202020200020202020202020000000803f12042902012200452d313032202020202020202020200020202020202020000000803f1304290201220045
900;0;1;4928;64;2d313033202020202020202020200020202020202020000000803f14042902012200452d323032202020202020202020200020202020202020000000803f1504
900;0;1;4992;64;2902012200452d323033202020202020202020200020202020202020000000803f16042902012200452d32303520202020202020202020002020202020202000
900;0;1;5056;64;0000803f17042902012200452d333031202020202020202020200020202020202020000000803f18042902012200452d34303120202020202020202020002020
900;0;1;5120;64;2020202020000000803f19042902012200452d353031202020202020202020200020202020202020000000803f1a042902012200452d36303120202020202020
900;0;1;5184;64;2020200020202020202020000000803f1b042902012200452d373031202020202020202020200020202020202020000000803f1c042902012200452d38303120
900;0;1;5248;64;2020202020202020200020202020202020000000803f1d042902012200452d393031202020202020202020200020202020202020000000803f1e042902012200
900;0;1;5312;64;452d313030312020202020202020200020202020202020000000803f1f042902012200452d313130312020202020202020200020202020202020000000803f20
900;0;1;5376;64;042902012200452d333330312020202020202020200020202020202020000000803f21042902012200452d333330322020202020202020200020202020202020
900;0;1;5440;64;000000803f22042902012200452d333330332020202020202020200020202020202020000000803f23042902012200452d333430312020202020202020200020
900;0;1;5504;64;202020202020000000803f24042902012200452d333430322020202020202020200020202020202020000000803f25042902012200452d333530312020202020
900;0;1;5568;64;202020200020202020202020000000803f26042902012200452d333630312020202020202020200020202020202020000000803f27042902012200452d333730
900;0;1;5632;64;312020202020202020200020202020202020000000803f28042902012200452d333830312020202020202020200020202020202020000000803f290429020122
900;0;1;5696;64;00452d333830322020202020202020200020202020202020000000803f2a042902012200452d333930312020202020202020200020202020202020000000803f
900;0;1;5760;64;2b042902012200452d333930322020202020202020200020202020202020000000803f2c042902012200452d3630303120202020202020202000202020202020
900;0;1;5824;64;20000000803f2d042902012200452d363030322020202020202020200020202020202020000000803f2e042902012200452d3630303320202020202020202000
900;0;1;5888;64;20202020202020000000803f2f042902012200452d363030342020202020202020200020202020202020000000803f30042902012200452d3630303520202020
900;0;1;5952;64;20202020200020202020202020000000803f31042902012200452d363030362020202020202020200020202020202020000000803f32042902012200452d3630
900;0;1;6016;64;30372020202020202020200020202020202020000000803f33042902012200452d363030382020202020202020200020202020202020000000803f3404290201
900;0;1;6080;64;2200452d363130312020202020202020200020202020202020000000803f35042902012200452d36313032202020202020202020002020202020202000000080
900;0;1;6144;64;3f36042902012200452d363130332020202020202020200020202020202020000000803f37042902012200452d36313034202020202020202020002020202020
900;0;1;6208;64;2020000000803f38042902012200452d363130352020202020202020200020202020202020000000803f39042902012200452d36313036202020202020202020
900;0;1;6272;64;0020202020202020000000803f3a042902012200452d363130372020202020202020200020202020202020000000803f3b042902012200452d36313038202020
900;0;1;6336;64;2020202020200020202020202020000000803f3c042902012200452d363130392020202020202020200020202020202020000000803f3d042902012200452d36
900;0;1;6400;64;3131302020202020202020200020202020202020000000803f3e042902012200452d363131312020202020202020200020202020202020000000803f3f042902
900;0;1;6464;64;012200452d363131322020202020202020200020202020202020000000803f40042902012200452d363230312020202020202020200020202020202020000000
900;0;1;6528;64;803f41042902012200452d363230322020202020202020200020202020202020000000803f42042902012200452d363230332020202020202020200020202020
900;0;1;6592;64;202020000000803f43042902012200452d363330312020202020202020200020202020202020000000803f44042902012200452d363330342020202020202020
900;0;1;6656;64;200020202020202020000000803f45042902012200452d363330352020202020202020200020202020202020000000803f46042902012200452d363330362020
900;0;1;6720;64;202020202020200020202020202020000000803f47042902012200452d363430312020202020202020200020202020202020000000803f48042902012200452d
900;0;1;6784;64;363430322020202020202020200020202020202020000000803f49042902012200452d363430332020202020202020200020202020202020000000803f4a0429
900;0;1;6848;64;02012200452d363430342020202020202020200020202020202020000000803f4b042902012200452d3634303520202020202020202000202020202020200000
900;0;1;6912;64;00803f4c042902012200452d363430362020202020202020200020202020202020000000803f4d042902012200452d3634303720202020202020202000202020
900;0;1;6976;64;20202020000000803f4e042902012200452d363430382020202020202020200020202020202020000000803f4f042902012200452d3634303920202020202020
900;0;1;7040;64;20200020202020202020000000803f50042902012200452d363431302020202020202020200020202020202020000000803f51042902012200452d3634313120
900;0;1;7104;64;20202020202020200020202020202020000000803f52042902012200452d363431352020202020202020200020202020202020000000803f5304290201220045
900;0;1;7168;64;2d363431362020202020202020200020202020202020000000803f54042902012200452d363530312020202020202020200020202020202020000000803f5504
900;0;1;7232;64;2902012200452d363530322020202020202020200020202020202020000000803f56042902012200452d36363033202020202020202020002020202020202000
900;0;1;7296;64;0000803f57042902012200452d363630342020202020202020200020202020202020000000803f58042902012200452d36373031202020202020202020002020
900;0;1;7360;64;2020202020000000803f59042902012200452d363730322020202020202020200020202020202020000000803f5a042902012200452d36383031202020202020
900;0;1;7424;64;2020200020202020202020000000803f5b042902012200452d363830322020202020202020200020202020202020000000803f5c042902012200452d36393031
900;0;1;7488;64;2020202020202020200020202020202020000000803f5d042902012200452d363930322020202020202020200020202020202020000000803f5e042902012200
900;0;1;7552;64;452d373030312020202020202020200020202020202020000000803f5f042902012200452d373030322020202020202020200020202020202020000000803f60
900;0;1;7616;64;042902012200452d373130312020202020202020200020202020202020000000803f61042902012200452d373130322020202020202020200020202020202020
900;0;1;7680;64;000000803f62042902012200452d373130352020202020202020200020202020202020000000803f63042902012200452d373130362020202020202020200020
900;0;1;7744;64;202020202020000000803f64042902012200452d373131302020202020202020200020202020202020000000803f65042902012200452d373230312020202020
900;0;1;7808;64;202020200020202020202020000000803f66042902012200452d373230322020202020202020200020202020202020000000803f67042902012200452d373330
900;0;1;7872;64;332020202020202020200020202020202020000000803f68042902012200452d373330352020202020202020200020202020202020000000803f690429020122
900;0;1;7936;64;00452d373330372020202020202020200020202020202020000000803f6a042902012200452d373330392020202020202020200020202020202020000000803f
900;0;1;8000;64;6b042902012200452d373331312020202020202020200020202020202020000000803f6c042902012200452d3734303120202020202020202000202020202020
900;0;1;8064;64;20000000803f6d042902012200452d373730312020202020202020200020202020202020000000803f6e042902012200452d3737303220202020202020202000
900;0;1;8128;64;20202020202020000000803f6f042902012200452d373730332020202020202020200020202020202020000000803f70042902012200452d3830303120202020
900;0;1;8192;64;20202020200020202020202020000000803f71042902012200452d383130312020202020202020200020202020202020000000803f72042902012200452d3831
900;0;1;8256;64;30322020202020202020200020202020202020000000803f73042902012200452d383130332020202020202020200020202020202020000000803f7404290201
900;0;1;8320;64;2200452d383130342020202020202020200020202020202020000000803f75042902012200452d39303032202020202020202020002020202020202000000080
900;0;1;8384;64;3f76042902012200452d393030332020202020202020200020202020202020000000803f77042902012200452d39303035202020202020202020002020202020
900;0;1;8448;64;2020000000803f78042902012200452d393030372020202020202020200020202020202020000000803f010809020122004572726f7234383569202020202020
900;0;1;8512;64;0035004f4b004b502d436f6d204572726f72004b502d436f6d205761726e696e67004b502d436f6d204e6f52657370004f4b2f5061726100020809020100004d
900;0;1;8576;64;6f64652020202020202020202020003f004e6f6e65004d505000566f6c4443436f6e7374005374700054757262696e65004665686c65720053746f6572756e67
900;0;1;8640;64;0057617274656e00756e6b6e6f776e0003080902010f004572726f72202020202020202020200022022d2d2d2d2d2d2d00436f6d466c740053444661696c0053
900;0;1;8704;64;444e6f5061726146696c6500534453657450617261005344536574506172614f6b005344536574506172614e6f6b00534455706446696c654e6f6b0053445570
900;0;1;8768;64;6446696c654f6b00534446696c6552656164005344557064416b740053445570644e6f46696c650049746e6c4461746153746f4661696c005570644b6f6d0055
900;0;1;8832;64;7064485000557064485045727200557064693438350055706469343835457272005570644254005570644254457272005570644c4344005570644c4344457272
900;0;1;8896;64;005570644c616e67005570644c616e6745727200557064456e6400496e666f44657261740047474e6f4368616e67650047475761697400577447726900577444
900;0;1;8960;64;634d696e00546d70536e73004f765650726f00496e737443644f6b00496e737443644e6f6b0047726447756172644c6f636b00536c6654737400536c66547374
900;0;1;9024;64;45727200477269466c7400487a466c740050454f706e0050684e43686700466c745068506800496e737461624f70004463564d6178004c65616b52697300466c
900;0;1;9088;64;74416d704d617800466c7464416d704d6178004463416d704d617800536c6644696167004e6f4772690044634d696e466c7400446576466c74004f76546d7000
900;0;1;9152;64;4f764c6f6400537472696e6741466c7400537472696e6742466c7400447363476e537700447363476e43686b004473635061726143686b00447363467543686b
900;0;1;9216;64;0044736353757043686b0004080402011100436f6f6c5379732e46616e547374200007004f6666004f6e0005080402010f00436e747279202020202020202020
900;0;1;9280;64;2000b1002d2d2d2d2d2d2d0041646a00564445303132362d312d3100564445303132362d312d3142004738332f31004153343737372e33005244313636332d41
900;0;1;9344;64;00444b3539343045322e3200505043004f46462d47726964004f46462d47726964363000454e353034333800454e35303433382d435a004331302f3131005244
900;0;1;9408;64;313636332f3636312d41004f7468537464002d2020202020202020202020002d2020202020202020202020002d202020202020200006080402011100436e7472
900;0;1;9472;64;795365742020202020202000ad002d2d2d2d2d2d2d00564445303132362d312d3100564445303132362d312d3142004738332f31004153343737372e33005244
900;0;1;9536;64;313636332d4100444b3539343045322e3200505043004f46462d47726964004f46462d47726964363000454e353034333800454e35303433382d435a00433130
900;0;1;9600;64;2f3131005244313636332f3636312d41004f7468537464002d2020202020202020202020002d2020202020202020202020002d2020202020202000070804000a
900;0;1;9664;64;0f0048502e737752657620202020202020004c0030003100320033003400350036003700380039004100420043004400450046004700480049004a004b004c00
900;0;1;9728;64;4d004e004f0050005100520053005400550056005700580059005a002e002000080804000a1f0048502e687752657620202020202020004c0030003100320033
900;0;1;9792;64;003400350036003700380039004100420043004400450046004700480049004a004b004c004d004e004f0050005100520053005400550056005700580059005a
900;0;1;9856;64;002e002000090804000a1f00644953656e732e7377526576202020004c0030003100320033003400350036003700380039004100420043004400450046004700
900;0;1;9920;64;480049004a004b004c004d004e004f0050005100520053005400550056005700580059005a002e0020000a0804000a1f00644953656e732e6877526576202020
900;0;1;9984;64;004c0030003100320033003400350036003700380039004100420043004400450046004700480049004a004b004c004d004e004f005000510052005300540055
900;0;1;10048;64;0056005700580059005a002e0020000b0804000a1f0043504c442e73775265762020202020004c00300031003200330034003500360037003800390041004200
900;0;1;10112;64;43004400450046004700480049004a004b004c004d004e004f0050005100520053005400550056005700580059005a002e0020000c0804000a1f004b502e7377
900;0;1;10176;64;52657620202020202020004c0030003100320033003400350036003700380039004100420043004400450046004700480049004a004b004c004d004e004f0050
900;0;1;10240;64;005100520053005400550056005700580059005a002e0020000d0804000a1f004b502e687752657620202020202020004c003000310032003300340035003600
900;0;1;10304;64;3700380039004100420043004400450046004700480049004a004b004c004d004e004f0050005100520053005400550056005700580059005a002e0020000e08
900;0;1;10368;64;04000a1f0042542e737752657620202020202020004c0030003100320033003400350036003700380039004100420043004400450046004700480049004a004b
900;0;1;10432;64;004c004d004e004f0050005100520053005400550056005700580059005a002e0020000f0804000a1f004c43442e7377526576202020202020004c0030003100
900;0;1;10496;64;320033003400350036003700380039004100420043004400450046004700480049004a004b004c004d004e004f00500051005200530054005500560057005800
900;0;1;10560;64;59005a002e002000100804000a1f004d646c2e7377526576202020202020004c0030003100320033003400350036003700380039004100420043004400450046
900;0;1;10624;64;004700480049004a004b004c004d004e004f0050005100520053005400550056005700580059005a002e002000110804000a1f004d646c2e6877526576202020
900;0;1;10688;64;202020004c0030003100320033003400350036003700380039004100420043004400450046004700480049004a004b004c004d004e004f005000510052005300
900;0;1;10752;64;5400550056005700580059005a002e002000120804020122005379732e53442e4461744c6f6720200007004f6666004f6e001308040201110050454f706e4d6f
900;0;1;10816;64;6e202020202020200007004f6666004f6e0014080402011100496e762e4f75745068735365742020000f00506873410050687342005068734300150804020111
900;0;1;10880;64;00496e762e4f7574574d6f64536574200016002d2d2d2d2d2d2d004c696d31306d004c696d46737400160804020102004d6f64656c2020202020202020202000
900;0;1;10944;64;44002d2d2d2d2d2d2d00534235303030544c2d323000534234303030544c2d323000534233303030544c2d323000574233363030544c2d323000574235303030
900;0;1;11008;64;544c2d323000170804020101004f702e4f704d6f6453657420202020001b004d707000566f6c4443436f6e7374005374700054757262696e6500180804020122
900;0;1;11072;64;004f702e50726f645473742020202020000c004f6666004f6e00545359530019080902010f004f702e477269537753747420202020000d004e6f6e65004f706e
900;0;1;11136;64;00436c73001a080902010f00496e762e546d704c696d53747420200014002d2d2d2d2d2d2d004e6f6e6500546d70447274001b0804020111004f702e466e6353
900;0;1;11200;64;65744973746c20200055002d2d2d2d2d2d2d00546f744f70546d7300546f74546d7300546f7457684f7574005273546f7457684c6f6700447957680047726953
900;0;1;11264;64;77436e74005273457674436e740052735065726d53746f4f7000446f416c6c001c0804020122004f702e466e635365745376632020200051002d2d2d2d2d2d2d
900;0;1;11328;64;004162734f70546d7300416273546d730041627357684f7574004162734772695377436e74005273457674436e740052734d617856616c73005273546f745768
900;0;1;11392;64;4c6f6700446f416c6c001d0804020111004f702e53746f466e635365742020200014002d2d2d2d2d2d2d0044666c74506172614c6f64001e0809020122005379
900;0;1;11456;64;732e4d656d56657253747420200010004e6f6e65005761726e696e67004f6b001f0804000f1f00436f6d526576202020202020202020004c0030003100320033
900;0;1;11520;64;003400350036003700380039004100420043004400450046004700480049004a004b004c004d004e004f0050005100520053005400550056005700580059005a
900;0;1;11584;64;002e002000200809020122004f702e4865616c74682020202020200016004e6f6e65004f6b005761726e696e6700416c61726d00210809020122004f702e5072
900;0;1;11648;64;696f2020202020202020001b005072696f496e61004e6f6e65005072696f5f41005072696f5f4300220804000a0f00506b672e7377526576202020202020004c
900;0;1;11712;64;0030003100320033003400350036003700380039004100420043004400450046004700480049004a004b004c004d004e004f0050005100520053005400550056
900;0;1;11776;64;005700580059005a002e00200023080402011100502d574d6f642020202020202020200023002d2d2d2d2d2d2d004f66660057436e73740057436e73744e6f6d
900;0;1;11840;64;005743746c436f6d0024080402011100502d5743746c487a4d6f6420202020000b004f6666005743746c487a0025080402011100502d48797374456e61202020
900;0;1;11904;64;2020200007004f6666004f6e0026080402011f004c6f67696e2e4d6474202020202020000f002d2d2d2d2d2d2d004e6f0059657300270804020100004d505053
900;0;1;11968;64;6864772e49734f6e202020000f002d2d2d2d2d2d2d004e6f0059657300280804020100004d6c742e4f704d6f64652020202020002d002d2d2d2d2d2d2d00466c
900;0;1;12032;64;74496e640053656c6643736d700046616e43746c00436f6d43746c0042617443686100290804020100004d6c742e436f6d43746c2e537720200007004f666600
900;0;1;12096;53;4f6e002a080902010f004d61696e4d6f64656c2020202020200019002d2d2d2d2d2d2d00536f6c61722d57520057696e642d575200
997;42
998;271839332
999;1485388314
END
